0 0
1 0
2 0
3 0
4 0
5 0
6 0
7 0
8 0
9 0
10 0
11 0
12 0
13 1
13 2
13 3
13 4
13 5
13 6
13 7
13 8
13 9
14 10
15 10
16 10
16 11
17 11
18 12
18 13
19 14
20 14
21 14
22 14
22 15
22 16
22 17
23 17
24 17
25 17
25 18
25 19
25 20
25 21
25 22
25 23
26 23
26 24
26 25
26 26
27 27
28 28
29 28
30 28
30 29
31 30
32 31
32 32
32 33
33 33
34 34
34 35
35 35
36 35
37 36
38 37
38 38
38 39
38 40
38 41
38 42
38 43
38 44
38 45
38 46
38 47
38 48
38 49
38 50
38 51
38 52
38 53
38 54
38 55
38 56
38 57
38 58
38 59
38 60
38 61
39 61
40 61
41 61
42 61
43 61
44 61
44 62
44 63
44 64
44 65
44 66
44 67
44 68
44 69
44 70
44 71
44 72
44 73
44 74
44 75
44 76
44 77
44 78
44 79
44 80
44 81
44 82
44 83
44 84
44 85
44 86
45 86
45 87
46 87
47 87
48 87
49 87
50 87
51 87
52 88
53 88
54 88
55 88
56 88
57 88
58 88
59 88
60 88
61 88
62 88
62 89
62 90
62 91
62 92
63 93
63 94
63 95
63 96
63 97
63 98
64 99
65 100
66 101
67 102
68 103
69 103
70 103
71 104
72 104
73 105
73 106
73 107
74 107
75 108
75 109
76 110
76 111
76 112
76 113
76 114
77 115
78 115
79 115
80 115
81 116
82 117
83 118
83 119
84 120
85 120
86 121
87 122
88 123
89 124
90 124
91 125
91 126
92 127
93 127
94 128
94 129
94 130
94 131
94 132
94 133
95 133
96 133
97 133
98 134
99 134
100 135
101 136
101 137
102 138
103 139
104 140
105 140
105 141
105 142
105 143
105 144
105 145
105 146
105 147
105 148
105 149
105 150
106 150
106 151
106 152
106 153
106 154
107 154
108 154
109 154
110 154
111 154
112 154
113 154
114 154
115 154
116 154
117 154
118 154
118 155
119 155
120 155
120 156
121 156
122 157
122 158
122 159
123 160
123 161
123 162
123 163
123 164
123 165
123 166
123 167
123 168
123 169
123 170
123 171
123 172
123 173
123 174
123 175
123 176
123 177
123 178
123 179
123 180
123 181
123 182
123 183
123 184
123 185
123 186
123 187
123 188
123 189
123 190
123 191
123 192
124 192
125 192
126 192
127 192
128 192
129 192
130 192
131 192
132 192
132 193
132 194
133 194
134 195
134 196
134 197
134 198
134 199
134 200
135 201
136 201
137 201
138 201
139 202
140 202
141 203
142 204
143 204
143 205
143 206
143 207
144 208
145 209
146 210
146 211
146 212
146 213
146 214
147 214
148 214
149 214
150 214
151 214
152 215
152 216
152 217
152 218
153 218
154 218
155 218
155 219
156 219
157 219
158 220
159 220
160 221
161 221
162 222
162 223
162 224
163 224
163 225
163 226
164 227
165 228
166 228
166 229
166 230
167 230
168 230
169 230
170 230
171 231
171 232
171 233
172 234
173 234
174 235
174 236
174 237
175 237
176 237
177 237
177 238
178 239
178 240
178 241
179 242
180 243
181 243
182 243
183 243
184 243
185 243
186 243
186 244
186 245
186 246
186 247
187 247
188 247
189 248
189 249
189 250
189 251
190 252
190 253
190 254
190 255
190 256
191 256
192 256
193 256
193 257
193 258
194 259
194 260
195 261
196 262
197 262
198 262
199 262
200 263
201 263
202 263
203 263
203 264
203 265
204 266
205 267
206 267
206 268
206 269
207 269
208 269
208 270
208 271
209 271
210 271
210 272
210 273
210 274
210 275
210 276
210 277
211 278
212 278
213 278
214 279
215 279
216 279
216 280
217 281
217 282
218 282
219 283
219 284
220 284
220 285
220 286
221 287
222 287
223 287
223 288
224 289
225 290
226 290
226 291
227 292
228 293
229 293
230 294
231 294
232 295
233 296
233 297
233 298
234 299
235 300
236 300
237 301
238 302
239 302
240 302
241 302
242 302
242 303
242 304
242 305
242 306
243 307
244 308
244 309
245 310
246 311
246 312
247 313
248 313
248 314
249 315
250 315
251 315
252 315
253 315
254 315
255 315
256 315
256 316
256 317
256 318
256 319
256 320
256 321
256 322
256 323
256 324
256 325
256 326
257 326
258 326
259 327
260 328
261 328
262 329
263 330
264 330
265 330
266 330
267 330
268 330
269 330
270 330
271 330
272 330
273 330
273 331
273 332
273 333
273 334
273 335
274 336
274 337
275 337
276 338
277 339
277 340
278 340
279 340
280 340
281 340
281 341
282 341
283 342
283 343
283 344
283 345
284 345
285 346
286 346
286 347
286 348
287 349
288 350
289 351
290 352
291 353
292 354
293 355
293 356
293 357
294 358
295 358
296 359
297 359
298 360
299 360
300 361
301 362
301 363
302 364
303 365
304 365
305 366
306 367
307 367
308 367
308 368
309 369
309 370
309 371
310 372
311 373
312 373
313 373
313 374
314 375
315 376
315 377
315 378
316 379
317 380
318 380
318 381
318 382
319 382
320 382
320 383
320 384
320 385
320 386
321 386
322 386
323 386
324 386
325 386
326 387
327 387
328 388
329 389
329 390
329 391
330 391
331 392
332 393
333 393
334 394
335 395
336 395
337 396
338 397
339 397
340 398
340 399
340 400
340 401
340 402
340 403
341 403
342 403
343 403
344 403
345 404
345 405
346 405
347 405
347 406
347 407
347 408
347 409
348 410
349 410
350 411
350 412
351 412
352 413
353 414
354 415
354 416
354 417
355 417
356 418
357 418
358 419
359 420
360 421
360 422
361 422
361 423
361 424
362 424
363 424
364 425
365 426
366 426
367 426
368 426
368 427
368 428
368 429
369 430
370 431
370 432
370 433
370 434
371 434
372 434
372 435
373 435
373 436
374 437
374 438
375 438
375 439
376 439
377 439
378 440
378 441
379 441
379 442
380 443
381 443
382 444
383 445
383 446
383 447
384 448
385 449
385 450
385 451
385 452
386 452
387 452
388 452
389 452
390 452
390 453
390 454
390 455
390 456
390 457
391 457
392 457
392 458
393 459
394 460
395 460
396 460
397 461
398 462
399 462
399 463
400 463
401 464
401 465
401 466
402 467
402 468
402 469
403 470
404 471
405 472
406 472
407 473
408 473
408 474
408 475
409 476
410 477
411 477
412 478
412 479
412 480
413 480
414 481
415 482
416 483
416 484
417 484
418 484
419 484
420 485
420 486
421 486
421 487
421 488
421 489
421 490
421 491
421 492
422 492
423 492
424 492
425 492
426 492
427 492
428 492
428 493
428 494
429 495
430 496
430 497
430 498
430 499
431 499
432 499
433 500
434 500
435 500
436 500
436 501
436 502
436 503
437 504
437 505
437 506
438 507
438 508
438 509
439 510
439 511
440 512
440 513
441 514
442 515
443 516
444 516
445 517
446 517
447 517
447 518
448 519
448 520
448 521
448 522
449 522
449 523
449 524
450 525
450 526
451 526
452 526
453 527
453 528
453 529
454 529
455 530
456 530
457 531
457 532
457 533
458 533
459 533
460 533
460 534
461 535
462 535
463 535
464 535
465 536
465 537
465 538
466 538
467 538
467 539
467 540
467 541
468 542
468 543
469 543
470 544
471 544
472 544
473 544
473 545
473 546
473 547
474 548
475 548
475 549
475 550
476 551
477 552
478 552
479 553
480 554
481 555
481 556
481 557
482 557
483 557
484 557
484 558
485 559
486 559
487 559
488 559
489 560
489 561
489 562
490 563
491 563
491 564
491 565
492 565
493 565
494 565
495 565
495 566
496 567
496 568
496 569
496 570
497 570
498 571
499 572
499 573
500 573
501 573
502 573
503 573
504 573
505 573
506 574
506 575
506 576
507 577
507 578
508 578
509 578
510 578
510 579
511 579
512 580
513 581
514 581
515 582
516 582
517 582
518 582
519 582
520 582
520 583
520 584
520 585
521 585
522 585
523 586
523 587
524 587
525 587
525 588
525 589
525 590
525 591
525 592
526 592
526 593
526 594
526 595
527 596
528 596
529 596
529 597
529 598
529 599
529 600
530 600
531 600
532 600
532 601
532 602
532 603
532 604
533 604
534 605
534 606
535 606
536 606
537 606
538 606
538 607
